1 0.561728 0.895062 0.315501 0.115226
1 0.280521 0.957819 0.213992 0.084362
1 0.955761 0.661523 0.088477 0.047325
1 0.895062 0.585391 0.159122 0.059671
1 0.936557 0.556584 0.126886 0.080247
1 0.815501 0.547325 0.142661 0.106996
1 0.708505 0.512346 0.192044 0.078189
1 0.597394 0.516461 0.123457 0.069959
1 0.679698 0.433128 0.139918 0.096708
1 0.395748 0.533951 0.263374 0.096708
1 0.379287 0.276749 0.241427 0.100823
1 0.597394 0.361111 0.090535 0.088477
1 0.707133 0.352881 0.139918 0.109053
1 0.771605 0.310700 0.082305 0.102881
1 0.933813 0.295267 0.132373 0.129630
1 0.943416 0.424897 0.113168 0.063786