2 0.095793 0.307613 0.171925 0.092593
2 0.265889 0.282922 0.153635 0.104938
2 0.373800 0.211934 0.128029 0.074074
2 0.538409 0.111111 0.084134 0.086420
2 0.745085 0.332305 0.270690 0.150206
2 0.649977 0.413580 0.182899 0.123457
2 0.428669 0.504115 0.128029 0.049383
2 0.163466 0.468107 0.153635 0.072016
2 0.103109 0.422840 0.164609 0.080247
2 0.176269 0.590535 0.223137 0.102881
2 0.516461 0.869342 0.223137 0.076132
2 0.831047 0.795267 0.201189 0.076132
2 0.790809 0.662551 0.340192 0.102881
2 0.918267 0.205761 0.163466 0.127572
2 0.927984 0.340535 0.131687 0.067901
2 0.265889 0.955761 0.146319 0.088477
2 0.542067 0.987654 0.091449 0.024691