1 0.233882 0.136831 0.263374 0.084362
1 0.072016 0.140947 0.098765 0.100823
1 0.200960 0.356996 0.208505 0.129630
1 0.346365 0.281893 0.263374 0.082305
1 0.430041 0.335391 0.293553 0.127572
1 0.325789 0.386831 0.222222 0.078189
1 0.836420 0.303498 0.327160 0.096708
1 0.789438 0.367284 0.375857 0.104938
1 0.915981 0.187243 0.168038 0.086420
1 0.667353 0.140947 0.362140 0.100823
1 0.790809 0.027778 0.329218 0.055556
1 0.458848 0.029835 0.213992 0.059670
1 0.542524 0.526749 0.310014 0.078189
1 0.711248 0.681070 0.455418 0.172840
1 0.576818 0.742798 0.373114 0.148148
1 0.528807 0.885802 0.364883 0.141975
1 0.272291 0.502058 0.252401 0.123457
1 0.118656 0.497942 0.175583 0.065844
1 0.098080 0.568930 0.194787 0.092593
1 0.084362 0.409465 0.134431 0.078189
1 0.214678 0.899177 0.235940 0.193416
1 0.118656 0.755144 0.203018 0.135802
1 0.281893 0.667695 0.139918 0.067901