1 0.493141 0.509259 0.491084 0.364198
1 0.918724 0.417695 0.162551 0.123457
1 0.878601 0.211934 0.208505 0.185185
1 0.349108 0.066872 0.329218 0.133744
1 0.796296 0.519547 0.197531 0.150206
1 0.890947 0.666667 0.167353 0.251029
1 0.665981 0.755144 0.090535 0.090535
1 0.741427 0.792181 0.126200 0.102881
1 0.439643 0.842593 0.093278 0.067901
1 0.472565 0.912551 0.192044 0.125514
1 0.163923 0.865226 0.112483 0.092593
1 0.258573 0.838477 0.153635 0.092593
1 0.049726 0.924897 0.099451 0.072016
1 0.786694 0.926955 0.106996 0.092593
1 0.874486 0.875514 0.101509 0.109053