1 0.515089 0.651235 0.310014 0.125514
1 0.427298 0.753086 0.222222 0.106996
1 0.450617 0.497942 0.197531 0.094650
1 0.611111 0.543210 0.227709 0.119342
1 0.541152 0.352881 0.137174 0.080247
1 0.604252 0.314815 0.126200 0.123457
1 0.738683 0.333333 0.192044 0.102881
1 0.703018 0.411523 0.164609 0.135802
1 0.790809 0.416667 0.170096 0.034979
1 0.713992 0.193416 0.181070 0.156379
1 0.921468 0.100823 0.157064 0.106996
1 0.840192 0.222222 0.192044 0.082305
1 0.895405 0.457819 0.209190 0.133745
1 0.173525 0.154321 0.235940 0.201646
1 0.482167 0.089506 0.106996 0.121399
1 0.620713 0.092593 0.148148 0.148148