5 0.120027 0.552469 0.222222 0.125514
5 0.550754 0.763374 0.825789 0.226337
1 0.181756 0.219136 0.301783 0.187243
1 0.031893 0.443416 0.063786 0.092593
1 0.146091 0.441358 0.104252 0.063786
1 0.438272 0.473251 0.139918 0.069959
1 0.358711 0.434156 0.161866 0.037037
1 0.327160 0.406379 0.153635 0.039095
1 0.321674 0.332305 0.142661 0.109053
1 0.416324 0.362140 0.112483 0.078189
1 0.707133 0.351852 0.189300 0.160494
1 0.698903 0.245885 0.249657 0.129630
1 0.690672 0.114198 0.189300 0.158436
1 0.948903 0.080247 0.102194 0.139918
1 0.915638 0.403292 0.079561 0.065844
1 0.924211 0.488683 0.151578 0.162551
1 0.565844 0.333333 0.115226 0.106996