2 0.157407 0.763374 0.271605 0.263374
2 0.147377 0.506173 0.131173 0.172840
2 0.251543 0.523663 0.104938 0.088477
2 0.350309 0.381687 0.135802 0.183128
2 0.367284 0.492798 0.108025 0.137860
2 0.371142 0.691358 0.168210 0.316872
2 0.341049 0.893004 0.166667 0.172840
2 0.484568 0.648148 0.145062 0.148148
2 0.596451 0.466049 0.137346 0.236626
2 0.698302 0.466049 0.125000 0.191358
2 0.801698 0.483539 0.168210 0.148148
2 0.759259 0.272634 0.154321 0.104938
2 0.835648 0.400206 0.214506 0.244856
2 0.868056 0.654321 0.106481 0.156379
2 0.870370 0.813786 0.145062 0.113169
2 0.826389 0.884774 0.134259 0.115226
2 0.645833 0.744856 0.125000 0.111111
2 0.591049 0.893004 0.114198 0.139918
2 0.691358 0.623457 0.132716 0.139918
2 0.085648 0.067901 0.171296 0.135802
2 0.425154 0.274691 0.152778 0.129630
2 0.323302 0.182099 0.297840 0.228395
2 0.535494 0.147119 0.135802 0.240741