1 0.726337 0.101852 0.326475 0.109053
1 0.464335 0.207819 0.373114 0.098765
1 0.572702 0.300412 0.255144 0.123457
1 0.242112 0.262346 0.213992 0.084362
1 0.209191 0.336420 0.362140 0.129630
1 0.339506 0.518519 0.364883 0.160494
1 0.548011 0.448560 0.260631 0.111111
1 0.884431 0.398148 0.231138 0.067901
1 0.855624 0.486626 0.288752 0.092593
1 0.822702 0.625514 0.354595 0.119342
1 0.726337 0.683128 0.331962 0.082305
1 0.166667 0.663580 0.315501 0.096708
1 0.575446 0.822016 0.260631 0.150206
1 0.483539 0.733539 0.257888 0.113169
1 0.265432 0.796296 0.320988 0.119342
1 0.851509 0.830247 0.296982 0.113169
1 0.355967 0.969136 0.238683 0.061728
1 0.676955 0.981481 0.288066 0.037037
1 0.865226 0.947531 0.269547 0.047325
1 0.059671 0.078189 0.101509 0.135802