5 0.500000 0.218107 0.965706 0.436214
5 0.701646 0.504115 0.595336 0.251029
5 0.180041 0.485597 0.360082 0.246914
5 0.103224 0.213992 0.206447 0.230453
5 0.305213 0.746914 0.389575 0.160494
1 0.823731 0.847737 0.219479 0.098765
1 0.609739 0.825103 0.087791 0.061728
1 0.652263 0.637860 0.134431 0.090535
1 0.510974 0.655350 0.087791 0.100823
1 0.323045 0.631687 0.117970 0.078189
1 0.203704 0.625514 0.087791 0.094650
1 0.036008 0.716049 0.072016 0.094650
1 0.031893 0.936214 0.063786 0.102881
1 0.849794 0.643004 0.194787 0.092593
1 0.579561 0.692387 0.120713 0.067901