1 0.579561 0.099794 0.307270 0.072016
1 0.786694 0.056584 0.156379 0.096708
1 0.952675 0.052469 0.087791 0.104938
1 0.866598 0.201646 0.266804 0.094650
1 0.756516 0.307613 0.227709 0.096708
1 0.498628 0.322016 0.271605 0.059671
1 0.431413 0.384774 0.246914 0.082305
1 0.353224 0.448560 0.233196 0.065844
1 0.251715 0.496914 0.260631 0.080247
1 0.729081 0.424897 0.293553 0.104938
1 0.810014 0.544239 0.356653 0.067901
1 0.435528 0.559671 0.255144 0.090535
1 0.169410 0.731481 0.244170 0.080247
1 0.501372 0.668724 0.337449 0.090535
1 0.868999 0.623457 0.249657 0.057613
1 0.864883 0.708848 0.235940 0.063786
1 0.914609 0.764403 0.170782 0.080247
1 0.777092 0.805556 0.230453 0.092593
1 0.560357 0.753086 0.285322 0.123457
1 0.372428 0.817901 0.211248 0.080247
1 0.295610 0.913580 0.249657 0.119342
1 0.462963 0.959877 0.167353 0.080246
1 0.674211 0.950617 0.216735 0.098765
1 0.233882 0.220165 0.312757 0.098765
1 0.180384 0.340535 0.178326 0.067901
1 0.458848 0.189300 0.219479 0.148148
1 0.110425 0.095679 0.192044 0.088477
1 0.108711 0.602881 0.217421 0.086420
1 0.070302 0.805556 0.140604 0.096708