1 0.148148 0.441358 0.228395 0.170782
1 0.137346 0.329218 0.185185 0.119342
1 0.347222 0.491770 0.077160 0.074074
1 0.422068 0.519547 0.100309 0.063786
1 0.450617 0.421811 0.086420 0.090535
1 0.398920 0.423868 0.084877 0.090535
1 0.630401 0.470165 0.140432 0.096708
1 0.573302 0.527778 0.087963 0.080247
1 0.738426 0.585391 0.112654 0.059671
1 0.772377 0.670782 0.103395 0.045267
1 0.959105 0.645062 0.081790 0.092593
1 0.788580 0.943416 0.098765 0.100823
1 0.841821 0.823045 0.066358 0.127572
1 0.535494 0.727366 0.086420 0.067901
1 0.266204 0.598765 0.118827 0.098765