2 0.181756 0.728395 0.181070 0.106996
2 0.279150 0.869342 0.145405 0.092593
2 0.172154 0.915638 0.178326 0.078189
2 0.476680 0.867284 0.134431 0.146091
2 0.585048 0.911523 0.175583 0.115226
2 0.424554 0.512346 0.134431 0.111111
2 0.527435 0.538066 0.175583 0.109053
2 0.657750 0.567901 0.128944 0.074074
2 0.801783 0.474280 0.131687 0.154321
2 0.915638 0.283951 0.123457 0.119342
2 0.365569 0.567901 0.192044 0.106996
2 0.122771 0.509259 0.156379 0.104938
2 0.076132 0.420782 0.123457 0.162551
2 0.099451 0.148148 0.175583 0.168724