1 0.115569 0.413580 0.231138 0.127572
1 0.085391 0.235597 0.170782 0.125514
1 0.068930 0.148148 0.137860 0.102881
1 0.112826 0.072016 0.225652 0.144032
1 0.318930 0.207819 0.109739 0.065844
1 0.395748 0.250000 0.164609 0.088477
1 0.512346 0.299383 0.183813 0.100823
1 0.724966 0.264403 0.203018 0.117284
1 0.847051 0.276749 0.167353 0.072016
1 0.890947 0.252058 0.101509 0.076132
1 0.900549 0.088477 0.120713 0.078189
1 0.652263 0.046296 0.288066 0.092592
1 0.790809 0.061728 0.241427 0.086420
1 0.947531 0.479424 0.104938 0.078189
1 0.472565 0.590535 0.257888 0.106996