1 0.328532 0.587449 0.216735 0.113169
1 0.340878 0.759259 0.153635 0.115226
1 0.620713 0.831276 0.268861 0.111111
1 0.515089 0.511317 0.189300 0.109053
1 0.451989 0.364198 0.123457 0.074074
1 0.715364 0.448560 0.156379 0.090535
1 0.716735 0.370370 0.137174 0.078189
1 0.755144 0.251029 0.230453 0.139918
1 0.586420 0.205761 0.178326 0.176955
1 0.825103 0.087449 0.222222 0.150206
1 0.968107 0.276749 0.063786 0.104938
1 0.382030 0.089506 0.153635 0.117284
1 0.957133 0.468107 0.085734 0.100823
1 0.104938 0.079218 0.197531 0.158436
1 0.829218 0.462963 0.148148 0.069959