1 0.416324 0.528807 0.282579 0.074074
1 0.447874 0.618313 0.246914 0.059671
1 0.847051 0.425926 0.271605 0.078189
1 0.853909 0.123457 0.235940 0.078189
1 0.316187 0.131687 0.192044 0.065844
1 0.442387 0.170782 0.219479 0.082305
1 0.336763 0.348765 0.222222 0.067901
1 0.264060 0.395062 0.181070 0.074074
1 0.436900 0.415638 0.213992 0.065844
1 0.364198 0.481481 0.172840 0.057613
1 0.068930 0.325103 0.137860 0.115226
1 0.070302 0.171811 0.140604 0.113169
1 0.100480 0.447531 0.200960 0.104938
1 0.357339 0.864198 0.098765 0.106996