5 0.534294 0.513374 0.244170 0.154321
1 0.729081 0.500000 0.266118 0.094650
1 0.847051 0.657407 0.266118 0.141975
1 0.863855 0.375514 0.272290 0.133745
1 0.851166 0.247942 0.197531 0.084362
1 0.567215 0.271605 0.227709 0.106996
1 0.552126 0.345679 0.285322 0.115226
1 0.138889 0.247942 0.277778 0.117284
1 0.254458 0.154321 0.211248 0.135802
1 0.457476 0.124486 0.255144 0.129630
1 0.158436 0.067901 0.249657 0.135802
1 0.863512 0.057613 0.227709 0.115226
1 0.528807 0.047325 0.353909 0.094650
1 0.339506 0.294239 0.277092 0.098765