0 0.03447420634920635 0.222635582010582 0.023065476190476192 0.023974867724867725
0 0.09499007936507936 0.23313492063492064 0.0220734126984127 0.02447089947089947
0 0.20796130952380953 0.31919642857142855 0.04389880952380952 0.09507275132275132
0 0.2554563492063492 0.4343584656084656 0.06274801587301587 0.07837301587301587
0 0.27120535714285715 0.4252645502645503 0.04538690476190476 0.08994708994708994
0 0.3332093253968254 0.41187169312169314 0.041914682539682536 0.07804232804232804
0 0.30257936507936506 0.546875 0.05927579365079365 0.07820767195767196
0 0.4193948412698413 0.4975198412698413 0.06646825396825397 0.09821428571428571
0 0.3999875992063492 0.5187665343915344 0.062375992063492064 0.07490079365079365
0 0.4712301587301587 0.5510085978835979 0.07886904761904762 0.09242724867724868
0 0.48270089285714285 0.46238425925925924 0.055183531746031744 0.03191137566137566
0 0.5569196428571429 0.5231481481481481 0.034970238095238096 0.07605820105820106
0 0.6594122023809523 0.5246362433862434 0.11644345238095238 0.07605820105820106
0 0.7258804563492064 0.6878306878306878 0.07378472222222222 0.10449735449735449
0 0.9126364087301587 0.7600033068783069 0.058407738095238096 0.053736772486772486
0 0.9820188492063492 0.6607142857142857 0.035962301587301584 0.07407407407407407
0 0.7526041666666666 0.3950066137566138 0.04241071428571429 0.09887566137566138
0 0.8293650793650794 0.4662698412698413 0.05828373015873016 0.09722222222222222
0 0.4574652777777778 0.5823412698412699 0.05282738095238095 0.06746031746031746