1 0.305787037037037 0.584375 0.24861111111111112 0.146875
1 0.6662037037037037 0.6234375 0.24166666666666667 0.1203125
1 0.7456018518518519 0.4524739583333333 0.20601851851851852 0.12994791666666666
1 0.6180555555555556 0.5576822916666667 0.18888888888888888 0.08411458333333334
1 0.2724537037037037 0.7658854166666667 0.1486111111111111 0.11041666666666666
1 0.1400462962962963 0.9126302083333333 0.22361111111111112 0.12890625
1 0.5995370370370371 0.816796875 0.20185185185185187 0.11744791666666667
1 0.7104166666666667 0.7891927083333333 0.2550925925925926 0.12734375
1 0.8166666666666667 0.725390625 0.20555555555555555 0.09921875
1 0.8537037037037037 0.871484375 0.2712962962962963 0.07005208333333333
1 0.7078703703703704 0.940625 0.20092592592592592 0.11145833333333334
1 0.9085648148148148 0.322265625 0.18287037037037038 0.12265625
1 0.6592592592592592 0.16640625 0.3212962962962963 0.11458333333333333
1 0.22777777777777777 0.07200520833333333 0.29444444444444445 0.13828125
1 0.3738425925925926 0.17369791666666667 0.19490740740740742 0.12916666666666668
1 0.12337962962962963 0.296484375 0.22361111111111112 0.13567708333333334
1 0.09421296296296296 0.149609375 0.18009259259259258 0.09036458333333333
1 0.593287037037037 0.04440104166666667 0.2439814814814815 0.08307291666666666
1 0.5511574074074074 0.3611979166666667 0.13564814814814816 0.21458333333333332
1 0.3972222222222222 0.40703125 0.13425925925925927 0.10416666666666667
1 0.919675925925926 0.10091145833333333 0.16064814814814815 0.18932291666666667
1 0.0837962962962963 0.6546875 0.1675925925925926 0.090625
1 0.20208333333333334 0.6354166666666666 0.2263888888888889 0.11979166666666667
1 0.4634259259259259 0.6471354166666666 0.22777777777777777 0.10572916666666667
1 0.8972222222222223 0.5901041666666667 0.15462962962962962 0.10416666666666667
1 0.6296296296296297 0.23125 0.22962962962962963 0.06041666666666667
1 0.6226851851851852 0.33203125 0.0787037037037037 0.04010416666666667
1 0.6759259259259259 0.28828125 0.18518518518518517 0.08489583333333334
1 0.9851851851851852 0.5984375 0.02962962962962963 0.06770833333333333
1 0.8699074074074075 0.940625 0.1527777777777778 0.041666666666666664
1 0.3662037037037037 0.7481770833333333 0.12314814814814815 0.04739583333333333
1 0.06898148148148148 0.6096354166666667 0.13796296296296295 0.059895833333333336