0 0.9392981150793651 0.6568287037037037 0.11867559523809523 0.14798280423280424
0 0.9579613095238095 0.49462632275132273 0.08407738095238096 0.16550925925925927
0 0.8077876984126984 0.3282903439153439 0.053075396825396824 0.12880291005291006
0 0.6811755952380952 0.48131613756613756 0.11706349206349206 0.10813492063492064
0 0.7434895833333334 0.548941798941799 0.17373511904761904 0.12466931216931217
0 0.4818328373015873 0.45849867724867727 0.12338789682539683 0.1302910052910053
0 0.5479290674603174 0.22395833333333334 0.1171875 0.13475529100529102
0 0.5806671626984127 0.19477513227513227 0.06138392857142857 0.05588624338624339
0 0.32025049603174605 0.15261243386243387 0.11321924603174603 0.05952380952380952
0 0.3178323412698413 0.51182208994709 0.11334325396825397 0.14368386243386244
0 0.09244791666666667 0.3853339947089947 0.07328869047619048 0.09044312169312169
0 0.1171875 0.27455357142857145 0.06448412698412699 0.09606481481481481
0 0.08655753968253968 0.20610119047619047 0.057539682539682536 0.07258597883597884
0 0.7286706349206349 0.15327380952380953 0.09176587301587301 0.04861111111111111
0 0.06870039682539683 0.032242063492063495 0.06349206349206349 0.03935185185185185