0 0.39099702380952384 0.8514384920634921 0.07465277777777778 0.0894510582010582
0 0.3531746031746032 0.7876157407407407 0.060515873015873016 0.09209656084656084
0 0.3334573412698413 0.7540509259259259 0.05381944444444445 0.09573412698412699
0 0.28999255952380953 0.7174272486772487 0.030381944444444444 0.07903439153439154
0 0.46161954365079366 0.7417328042328042 0.06783234126984126 0.1001984126984127
0 0.4910094246031746 0.6683201058201058 0.059399801587301584 0.08630952380952381
0 0.41685267857142855 0.6798115079365079 0.06882440476190477 0.09011243386243387
0 0.38777281746031744 0.7204034391534392 0.045882936507936505 0.0496031746031746
0 0.48933531746031744 0.5406746031746031 0.07242063492063493 0.10119047619047619
0 0.5571676587301587 0.39103835978835977 0.08928571428571429 0.1345899470899471
0 0.5091765873015873 0.4269179894179894 0.05803571428571429 0.0625
0 0.39285714285714285 0.4671792328042328 0.06770833333333333 0.059027777777777776
0 0.4327256944444444 0.3771494708994709 0.05295138888888889 0.07771164021164022
0 0.4030877976190476 0.33465608465608465 0.06560019841269842 0.082010582010582
0 0.5387524801587301 0.1902281746031746 0.06063988095238095 0.09970238095238096
0 0.4841889880952381 0.09126984126984126 0.07973710317460317 0.1736111111111111
0 0.44060019841269843 0.7807539682539683 0.057787698412698416 0.02447089947089947
0 0.4869791666666667 0.34953703703703703 0.06820436507936507 0.0496031746031746
0 0.5049603174603174 0.14054232804232805 0.044642857142857144 0.07341269841269842